1528739361277239304
1528739360824229889
1528739360358768644
1528739360006279170
1528739358920032256
1528739358551035906
1528739355791089666
1528739354620973056
1528739354201440257
1528739353740161025
1528739353303851008
1528739352775385089
1528739352456466437
1528739351978422272
1528739351093452800
1528739350418141184
1528739346517577728
1528739342662963200
1528739342616670214
1528739342222491649
1528739341287280642
1528739340863545345
1528739340389580800
1528739339177537536
1528739338384711680
1528739338028457984
1528739337961086976
1528739337332039680
1528739337130676225
1528739337059409921
1528739335100579840
1528739334945390594
1528739334916014080
1528739334119116801
1528739328842731521
1528739328645537795
1528739327588585472
1528739327563268098
1528739325730607104
1528739324069568512
1528739322970746880
1528739321796341763
1528739320604917760
1528739320181538821
1528739319938224129
1528739319837515776
1528739317304029186
1528739316452601856
1528739314439421952
1528739314422669313
1528739314242289665
1528739313726459905
1528739313613258753
1528739310681325570
1528739309796265986
1528739309108568064
1528739306470313984
1528739305748762625
1528739304440221696
1528739304326975488
1528739301307080707
1528739300715728897
1528739300694798336
1528739300270977025
1528739300124381184
1528739299512012800
1528739298689818624
1528739298631069697
1528739298597535745
1528739298324922369
1528739297792167936
1528739296705974272
1528739296668270592
1528739296261423107
1528739295992979456
1528739295774724097
1528739295074217984
1528739294361399297
1528739294256373760
1528739293283463168
1528739292519989250
1528739290666225665
1528739290066436097
1528739289659543555
1528739286215966720
1528739286094188544
1528739283489673225
1528739282214699008
1528739280381784064
1528739280100773890
1528739278741708801
1528739278477479936
1528739278297112576
1528739278280617986
1528739278099980294
1528739276992618496
1528739276837593090
1528739276732899329
1528739276107694080
1528739275491225605
1528739274304241665
1528739270848282625
1528739269770108929
1528739269111599104
1528739268604092416
1528739267148644353
1528739267094126593
1528739266464972801
1528739266406207489
1528739266221809667
1528739266154573824
1528739264682508291
1528739264523079680
1528739264413978626
1528739264225239042
1528739264208437252
1528739263029854211
1528739262795067392
1528739262467817476
1528739261511618560
1528739261209579521
1528739260236374017
1528739259573837825
1528739258080854016
1528739257950535682
1528739256776249344
1528739256365105155
1528739256038051843
1528739254943219713
1528739250447044608
1528739247506735106
1528739247456260096
1528739246504296448
1528739244298092544
1528739240745443329
1528739237339750400
1528739237058605056
1528739236429676546
1528739236131721217
1528739235712208896
1528739234496106497
1528739234093404160
1528739233573347328
1528739232616947713
1528739232411533312
1528739231216336896
1528739230691622915
1528739230377201669
1528739230368800770
1528739230368681986
1528739230196936706
1528739228363923457
1528739227801767936
1528739227546034177
1528739226711474183
1528739226602377219
1528739225645875202
1528739225289510914
1528739225201516546
1528739224278732800
1528739221950894083
1528739221879394304
1528739221829128192
1528739221036380160
1528739219971223552
1528739217446260737
1528739216900902914
1528739216036880385
1528739215994802176
1528739215722352641
1528739214552182787
1528739213507710981
1528739212681326592
1528739210982633472
1528739210399735810
1528739210110218241
1528739209451868160
1528739208898088960
1528739207895691264
1528739207757320198
1528739207254052865
1528739206813650944
1528739205957963777
1528739205618225152
1528739205274271744
1528739203114487808
1528739202371813377
1528739202287824896
1528739202095263744
1528739201877004288
1528739200933167106
1528739200002101249
1528739198127194114
1528739196302774281
1528739195648237569
1528739195237412864
1528739195216449542
1528739195094974469
1528739194817880064
1528739192993349634
1528739192527790080
1528739191680552966
1528739191374462979
1528739190485176321
1528739190388707330
1528739189084364802
1528739188564234240
1528739188262289408
1528739188010635266
1528739187746299904
1528739187687669761
1528739185460396032
1528739184822784000
1528739184239906816
1528739184101494786
1528739182562004992
1528739182457257984
1528739180934664192
1528739179076648960
1528739178476974086
1528739178103578627
1528739177906458630
1528739177076084736
1528739176480395265
1528739176253906945
1528739174982950913
1528739174982950912
1528739173917528065
1528739173825499136
1528739173133426689
1528739172651257856
1528739170889383938
1528739169744433152
1528739165910601729
1528739164832899072
1528739164589592576
1528739162928693250
1528739161339052032
1528739161045360641
1528739160655376386
1528739160265216001
1528739160139436035
1528739159690645504
1528739159401287684
1528739159367634944
1528739159187238913
1528739158495215616
1528739158201614347
1528739157660557316
1528739157593403393
1528739157274599425
1528739156028887040
1528739154967805953
1528739154821005312
1528739153969659904
1528739152551940096
1528739151704637440
1528739151461367809
1528739151461330944
1528739151306444800
1528739151243358210
1528739150572113920
1528739150345736194
1528739150215712768
1528739149867388928
1528739149733314563
1528739149582196738
1528739149167091712
1528739148902944769
1528739148777111553
1528739146512011265
1528739146185035776
1528739145916596224
1528739145878839297
1528739145220235267
1528739145090314242
1528739144490332161
1528739143584391169
1528739142737199104
1528739141701103616
1528739140963016704
1528739140824702981
1528739140463902728
1528739139927023616
1528739139591581697
1528739139155533824
1528739137238421504
1528739136726880258
1528739133815930882
1528739132725415938
1528739130670202884
1528739130372304896
1528739128711553025
1528739128401068036
1528739127184789505
1528739127025233920
1528739126123679749
1528739126115291137
1528739126018985984
1528739125725040640
1528739124617826305
1528739123674095617
1528739123523162112
1528739122155728896
1528739121472086017
1528739120977219587
1528739120897527812
1528739120004186114
1528739118183751686
1528739115197468672
1528739114950041600
1528739114887090178
1528739113502789633
1528739108667158528
1528739107823681542
1528739104397066240
1528739102455123971
1528739102094692357
1528739101179932672
1528739101079482372
1528739101012131840
1528739100857344002
1528739100118769664
1528739099812716544
1528739099598807041
1528739098806083584
1528739098566983686
1528739097434411008
1528739097036181506
1528739096226578432
1528739096218435584
1528739095551299585
1528739093651369985
1528739093328322562
1528739093316014080
1528739093013749760
1528739092392984576
1528739092250652673
1528739091730382856
1528739090941857798
1528739089889079296
1528739089456963589
1528739089436004352
1528739088278466561
1528739087632547840
1528739087187955715
1528739087166889987
1528739087129231365
1528739086156107779
1528739085438930947
1528739084931371008
1528739083845246977
1528739081257033728
1528739081189990402
1528739080997163010
1528739079109550080
1528739078186975234
1528739077851435009
1528739076106506241
1528739074256691202
1528739074097434624
1528739073858277376
1528739073220915200
1528739072503693320
1528739072033927168
1528739071664726017
1528739070821556225
1528739070314221569
1528739069722755073
1528739068745551874
1528739068003098624
1528739067860484098
1528739066061246464
1528739065180438533
1528739064916197376
1528739064794554369
1528739064026906629
1528739062999302146
1528739062005104641
1528739059861954561
1528739059023101953
1528739058901565445
1528739058779832321
1528739058691674112
1528739058167517186
1528739057882304514
1528739057395716098
1528739057236332545
1528739052920483842
1528739052618383360
1528739052505255936
1528739052375228416
1528739052198969344
1528739051569823747
1528739050189901824
1528739049690652673
1528739047019098116
1528739046763134977
1528739045190279169
1528739044334522368
1528739043852156928
1528739043760132096
1528739043579572226
1528739043084845062
1528739042858237952
1528739042774360066
1528739040521883649
1528739040136241152
1528739040073334786
1528739039024660480
1528739038626140162
1528739037783199746
1528739036986331143
1528739036575285249
1528739036268965888
1528739035182559232
1528739033874059264
1528739032204726272
1528739030728429572
1528739030485065728
1528739030199828480
1528739028601909248
1528739027800711169
1528739027670777856
1528739027486134272
1528739027448475649
1528739027406442497
1528739025808416768
1528739025343102977
1528739024973668352
1528739024013230082
1528739023610585089
1528739023291920386
1528739022528401408
1528739022423658498
1528739019902828544
1528739018900492288
1528739018791337985
1528739018518700032
1528739016123813889
1528739015515512833
1528739013024022534
1528739010847416320
1528739010570493952
1528739010205478912
1528739009635266561
1528739008737443845
1528739007965847559
1528739007802134528
1528739007395516417
1528739007135371265
1528739006833360898
1528739006720225281
1528739006703251456
1528739006149758976
1528739006108028928
1528739005868650498
1528739005789003779
1528739005399023616
1528739005210120193
1528739004111282178
1528739002022608897
1528739001741500421
1528739000487403520
1528739000156327939
1528738999610789894
1528738999069982720
1528738998390337536
1528738996863569923
1528738996460867584
1528738996460785667
1528738996192522246
1528738995731062784
1528738993977819136
1528738993671704579
1528738993126375424
1528738990337171457
1528738990261534720
1528738988823040001
1528738988617498624
1528738988508385281
1528738987963256832
1528738987036114944
1528738986751053824
1528738986402861056
1528738986285572097
1528738985954226177
1528738985647845379
1528738985400365056
1528738985304023040
1528738984595456000
1528738983361990662
1528738983252938752
1528738982288412672
1528738982246289409
1528738981239824384
1528738981160144896
1528738980275052548
1528738980098985985
1528738978937061378
1528738978811285506
1528738977267822598
1528738976521134082
1528738976206622722
1528738976097525763
1528738975917264897
1528738975309090817
1528738974604619776
1528738974331994115
1528738974063153155
1528738969902522368
1528738969005207552
1528738968858247168
1528738967792885772
1528738965582274560
1528738965494370304
1528738964223447042
1528738962461835264
1528738961262366722
1528738960633171968
1528738960339390464
1528738960280801280
1528738959794241537
1528738958640877573
1528738957185404929
1528738957004898304
1528738956140896257
1528738956107341824
1528738954765287425
1528738954660524033
1528738953473531906
1528738953427357696
1528738953419010049
1528738949346349056
1528738949333647364
1528738948436180995
1528738948104826888
1528738947261530112
1528738945995096064
1528738945923784704
1528738944636317698
1528738942493032449
1528738941775532033
1528738941716905984
1528738941528322048
1528738940450217986
1528738940169035776
1528738939900657665
1528738939363794945
1528738937245962240
1528738936696209409
1528738936431976448
1528738934884388865
1528738933894430732
1528738932367704065
1528738932304642048
1528738931654524928
1528738931188981761
1528738930761379841
1528738930564050944
1528738930354540544
1528738930278940672
1528738928928382977
1528738928186085377
1528738927082758145
1528738926869061632
1528738923744309251
1528738923735724032
1528738922838142976
1528738921592627205
1528738920942522368
1528738920057405440
1528738920040734720
1528738919478710272
1528738919130726400
1528738918253871106
1528738916861214722
1528738916253462528
1528738915435298816
1528738914118295566
1528738913426325505
1528738913199833088
1528738913111932928
1528738912407011328
1528738912377659393
1528738911878582272
1528738911673012224
1528738911580835840
1528738911027093505
1528738910578176001
1528738909521592320
1528738908825001985
1528738907780788224
1528738907113807875
1528738907021533184
1528738906778255360
1528738905931014144
1528738905763110914
1528738903787769857
1528738901724221441
1528738900822220800
1528738900449308673
1528738897655746561
1528738896523444224
1528738895474614274
1528738894577119232
1528738893561884672
1528738892710432768
1528738891557228544
1528738891377037313
1528738890798223360
1528738890697302016
1528738890106150912
1528738889967763457
1528738889455677441
1528738888776400896
1528738888067448833
1528738887773954049
1528738886960177155
1528738886414831616
1528738886410813440
1528738886129700868
1528738884561010689
1528738883982479362
1528738883806142471
1528738882589806592
1528738882354831362
1528738881050484739
1528738880089989120
1528738879590658049
1528738878315712512
1528738877678137347
1528738877422313475
1528738877300740097
1528738876101038082
1528738875950379008
1528738875249774592
1528738874083553285
1528738873899089921
1528738873865650176
1528738873496547329
1528738870895923200
1528738870812037120
1528738870698946560
1528738869776203780
1528738869390327809
1528738869033803777
1528738867926511617
1528738867343511554
1528738867297255425
1528738866584223744
1528738865552695296
1528738863254241280
1528738863199490049
1528738862302138370
1528738861249187853
1528738860276101120
1528738860061949952
1528738857885347840
1528738857369452544
1528738856777809920
1528738856459198465
1528738852961243136
1528738851547652103
1528738850511667200
1528738849693831173
1528738849475682304
1528738848964022272
1528738848917929986
1528738848418709511
1528738848330633216
1528738847546294273
1528738846195781633
1528738844350218242
1528738843398119427
1528738841967923200
1528738841322049536
1528738839308685312
1528738838780203008
1528738838125940736
1528738835470897155
1528738834741022720
1528738834183139329
1528738833923194882
1528738833189199872
1528738832958513152
1528738831994097665
1528738831922520067
1528738831910027264
1528738830525816834
1528738830450364419
1528738826394402817
1528738826247720963
1528738825970847744
1528738825794686977
1528738825291169793
1528738824871895041
1528738823890403328
1528738823521312768
1528738823231840256
1528738822871298049
1528738821772558343
1528738820631543809
1528738820115468288
1528738819700408320
1528738819075461121
1528738818974797825
1528738818882404356
1528738817636814849
1528738817414311942
1528738816038957056
1528738815409635330
1528738814361239565
1528738812347678723
1528738811215241216
1528738811190120448
1528738810959470593
1528738810800099330
1528738809353056259
1528738807864238081
1528738806387527680
1528738805825560580
1528738805607432194
1528738804189765637
1528738803334234112
1528738802965139457
1528738802566668288
1528738802553987072
1528738801949999105
1528738801807392769
1528738801752977409
1528738799995478017
1528738799932608516
1528738799806828544
1528738799014100993
1528738796421922816
1528738794891005952
1528738794072965122
1528738794048000001
1528738791732699136
1528738791426490369
1528738786867175424
1528738786141609985
1528738784237395969
1528738783444836353
1528738782681477120
1528738782261956609
1528738781460824066
1528738780986978305
1528738780412248064
1528738778684215296
1528738778290049024
1528738778243911681
1528738777241374722
1528738775303524352
1528738774729256960
1528738774385139712
1528738773324148736
1528738772409458690
1528738771797262336
1528738770647822338
1528738770513797121
1528738767967772672
1528738767846219779
1528738767669977089
1528738766155808771
1528738765845344257
1528738765673472000
1528738764264284160
1528738762305445889
1528738761575518208
1528738761512833024
1528738760971759622
1528738760883687426
1528738760791318528
1528738760464244736
1528738759961116673
1528738759407243267
1528738758966792192
1528738758803214340
1528738758408826885
1528738756777455616
1528738756399972354
1528738756307607553
1528738754583748608
1528738753925242880
1528738753749336066
1528738753459539968
1528738752872472576
1528738752184688645
1528738751760965633
1528738750007758848
1528738749902901249
1528738748241960962
1528738747541598210
1528738746912350208
1528738746228613120
1528738745981095936
1528738743141662726
1528738742839541760
1528738742663581700
1528738742562967558
1528738742512525312
1528738739174121472
1528738738083442690
1528738737894588416
1528738737345048576
1528738736678350850
1528738736460136448
1528738736162455553
1528738736069963780
1528738735897989121
1528738735780679681
1528738734711001088
1528738733268226048
1528738732664164352
1528738731829624834
1528738730915287042
1528738730760146945
1528738730751709188
1528738730420449280
1528738729463951360
1528738728516014080
1528738727454982147
1528738727173971969
1528738727002095616
1528738726930591744
1528738726821625856
1528738726288838656
1528738725034766336
1528738724967813121
1528738724665753604
1528738724133097472
1528738723554373632
1528738723541794817
1528738722723688448
1528738722501431298
1528738722224693250
1528738721603919873
1528738721058660352
1528738720802910209
1528738720719175681
1528738720647548928
1528738720433594369
1528738718789558278
1528738718135336967
1528738717430697984
1528738714834247683
1528738714088001536
1528738713177624576
1528738711894122497
1528738711843790848
1528738711655038982
1528738711453704192
1528738710673571840
1528738709532975104
1528738708639191041
1528738706722635776
1528738705971761153
1528738705556619270
1528738705338298368
1528738704944091136
1528738704491270144
1528738703757148163
1528738703627149315
1528738703367352320
1528738703065088000
1528738702603730944
1528738701987151874
1528738700380848131
1528738700338806787
1528738700171124736
1528738699353153541
1528738699298541568
1528738697327300610
1528738694009593856
1528738693606952963
1528738693602852864
1528738693451812864
1528738693376114688
1528738692290035713
1528738692180893697
1528738690792554496
1528738690368929796
1528738689274089472
1528738688716480512
1528738688229904385
1528738685201416192
1528738685021212674
1528738684908015618
1528738684886974464
1528738684878700544
1528738684429864960
1528738684400730112
1528738683649671169
1528738683502723072
1528738682743685121
1528738682580115456
1528738679874850817
1528738679782612994
1528738679585398784
1528738679467823105
1528738679044329474
1528738678302208000
1528738676636778496
1528738675969798144
1528738675546259456
1528738675495936000
1528738674917392384
1528738673633570816
1528738673541382144
1528738672962592769
1528738672715210753
1528738671377121286
1528738667749154818
1528738665999912960
1528738665870110721
1528738665446658048
1528738665190633472
1528738663915474944
1528738663806402560
1528738661784748033
1528738661046657026
1528738661046530048
1528738660471824390
1528738659561775106
1528738658677039104
1528738657594638337
1528738656177074176
1528738654713262081
1528738654461501445
1528738653920436227
1528738653287194625
1528738652867665920
1528738652104302592
1528738651726921729
1528738651345244161
1528738650501967872
1528738650321723392
1528738650225254400
1528738649864605697
1528738649403179008
1528738649365282816
1528738646706241536
1528738646010089473
1528738645665931265
1528738645544517632
1528738645309591552
1528738645003354113
1528738644655280128
1528738643648860161
1528738643266916352
1528738642927452167
1528738642792960000
1528738641954078722
1528738641870311425
1528738640582549504
1528738637764079616
1528738637008973824
1528738636346232832
1528738635377692673
1528738635251875840
1528738635024977920
1528738633821429762
1528738633108566018
1528738632722354176
1528738632399560704
1528738629400440839
1528738628561772544
1528738628272377856
1528738627873906689
1528738627714699265
1528738627525787650
1528738627362119682
1528738626624180224
1528738623688155138
1528738623268409344
1528738621221703680
1528738620676390912
1528738619334205440
1528738619191590912
1528738619095240709
1528738618952622081
1528738618898096128
1528738618835075072
1528738615781638144
1528738615668674560
1528738615454466048
1528738615014174724
1528738614888353796
1528738613273427970
1528738613231747072
1528738611897712640
1528738611482349568
1528738611222528001
1528738608894464000
1528738608319954945
1528738608273887232
1528738607325925378
1528738606944247808
1528746898022346752
1528746897699385344
1528746897598468100
1528746897346658304
1528746897162309635
1528746895908159488
1528746893567721473
1528746893559402498
1528746893441835014
1528746892108210177
1528746891801989124
1528746889688059904
1528746889663115269
1528746889424019456
1528746889335783426
1528746887615942656
1528746887540621318
1528746886085189632
1528746885640749057
1528746885569191936
1528746884441026560
1528746883027304450
1528746880355606528
1528746879491534848
1528746879198105600
1528746877545504768
1528746876979359745
1528746876639621121
1528746875738030082
1528746875251216384
1528746874819051521
1528746874244579328
1528746873489543170
1528746873120595969
1528746872495656961
1528746872256352261
1528746870247682048
1528746869278613505
1528746869177868288
1528746868108304390
1528746867990863872
1528746867647029249
1528746867126853636
1528746866489364480
1528746865784762370
1528746865289740288
1528746865096740865
1528746863981207553
1528746863616266240
1528746863444492294
1528746863247118338
1528746863083520000
1528746862035013632
1528746861623910406
1528746860420255744
1528746860139118593
1528746859778523142
1528746859472330752
1528746859350589445
1528746858167865345
1528746857387524096
1528746856985116673
1528746854208483332
1528746853122166790
1528746851423469568
1528746850802618368
1528746850651619331
1528746850399952897
1528746850097979394
1528746849959440385
1528746849275879427
1528746849116442624
1528746849082871809
1528746847996633088
1528746847874981889
1528746846998478848
1528746846910578689
1528746846423859209
1528746846289633281
1528746845706539014
1528746845492678658
1528746843386937344
1528746842795585548
1528746841692590087
1528746840174231553
1528746839754907655
1528746839280742400
1528746838903476226
1528746837666107392
1528746837234130944
1528746835300405248
1528746835203870720
1528746834985984003
1528746832674885638
1528746832016330753
1528746830800076805
1528746830049071105
1528746828681859075
1528746828153647104
1528746827838808066
1528746827649937409
1528746827318796290
1528746827260268545
1528746826169565185
1528746824055627777
1528746821996142594
1528746821832650754
1528746820196872195
1528746819815190533
1528746818225463296
1528746814454759425
1528746814228336641
1528746813137768448
1528746812877815808
1528746811623899146
1528746811451756544
1528746810449268736
1528746808066945029
1528746807630626816
1528746806527541249
1528746805370159104
1528746804522663936
1528746804468060160
1528746803675353088
1528746802991640576
1528746799170826241
1528746797954387970
1528746796142448642
1528746795983151104
1528746795920199681
1528746795475648519
1528746794573631489
1528746793592180736
1528746792954863619
1528746792216629248
1528746791537061888
1528746790266322946
1528746787502268417
1528746787036700673
1528746784192876546
1528746784029298690
1528746784012615690
1528746783563653120
1528746783559622656
1528746783274303492
1528746783266033664
1528746782959845377
1528746782854746112
1528746782284558336
1528746780787101699
1528746780497952769
1528746780380352514
1528746780154015750
1528746780023738369
1528746779977687046
1528746779520700418
1528746777716850690
1528746776974331906
1528746776533950464
1528746776466972673
1528746776454258688
1528746776194338822
1528746776081141760
1528746775871471621
1528746775460339713
1528746775296679937
1528746775036628993
1528746774730612736
1528746774311194624
1528746774168485889
1528746773052801027
1528746772767682560
1528746772700356608
1528746772226777088
1528746767671562240
1528746767596109824
1528746766111330304
1528746765976993794
1528746765515644930
1528746764685164544
1528746762663448576
1528746762650808321
1528746762176954372
1528746761946247168
1528746761858301952
1528746761141075968
1528746759685558279
1528746758678925316
1528746758112743432
1528746757936623623
1528746757408100353
1528746757353783297
1528746755843670020
1528746755566739456
1528746754879148036
1528746754857914368
1528746754774118404
1528746754698448897
1528746754161745922
1528746751494168576
1528746751410176000
1528746749946638336
1528746749300551681
1528746748302110720
1528746747903848450
1528746747362779140
1528746747090337793
1528746744565190656
1528746743957008388
1528746742207893504
1528746741851373568
1528746741721403397
1528746741415038977
1528746740794400769
1528746740505092096
1528746739100000261
1528746738202320902
1528746738021871616
1528746737074151427
1528746736902340608
1528746736084082689
1528746735467651074
1528746733852798976
1528746733227876353
1528746732447846402
1528746732296732674
1528746732166602752
1528746731244072960
1528746729461452800
1528746726672187397
1528746725124481025
1528746723828375553
1528746722859655171
1528746722159218691
1528746721810997249
1528746721509093384
1528746719856537600
1528746719831281669
1528746719801917446
1528746718828937216
1528746717327380480
1528746716861562880
1528746716270587905
1528746715926433793
1528746714265690113
1528746713875288064
1528746713418432512
1528746712419926016
1528746712206290945
1528746712025772032
1528746711228637184
1528746710989692929
1528746710746406912
1528746708926078977
1528746708905099265
1528746708212936705
1528746707793629186
1528746705256071169
1528746703133806593
1528746702861127683
1528746701846085634
1528746701778997248
1528746701485490178
1528746701426761731
1528746699241447426
1528746699216211968
1528746699149156353
1528746697811189761
1528746697656000512
1528746696548786176
1528746694090833921
1528746693683978241
1528746693533081601
1528746693436444673
1528746693230923776
1528746693167943686
1528746692895440899
1528746690785726464
1528746690584678400
1528746688625639426
1528746687988174849
1528746687824543751
1528746687115714566
1528746684955602945
1528746684716568576
1528746684502757377
1528746682795663364
1528746680992268293
1528746680367165440
1528746679628865537
1528746679553654784
1528746677691195394
1528746676923445248
1528746676273430528
1528746676063612928
1528746675107516417
1528746675069665280
1528746674352541697
1528746674146844672
1528746672758603776
1528746672389787648
1528746672276267009
1528746671932428288
1528746671819173892
1528746671387074563
1528746671252852739
1528746670913118209
1528746670225166341
1528746669444976643
1528746669293989888
1528746669277335552
1528746667146727431
1528746666030944256
1528746664831463425
1528746664831361024
1528746664332341255
1528746663837302784
1528746663464009728
1528746663027818500
1528746662415413248
1528746661832544258
1528746661723394050
1528746661614391297
1528746661593468928
1528746660058304513
1528746659123011584
1528746659106148355
1528746658586144768
1528746657243856898
1528746656904224769
1528746656128196610
1528746654488207361
1528746653233971202
1528746652911140864
1528746652902776833
1528746652307267584
1528746651749318657
1528746650826469377
1528746650134384640
1528746649958375431
1528746649635328002
1528746648813330432
1528746648658132992
1528746648574337025
1528746647668375556
1528746647479414784
1528746646489661447
1528746645521051649
1528746645290029057
1528746644224753665
1528746644149133314
1528746644078047234
1528746642660372480
1528746641192263681
1528746640747667456
1528746639665598464
1528746638927355904
1528746638642032640
1528746638163968001
1528746637530566656
1528746637509939201
1528746637308354560
1528746637144858629
1528746636519919617
1528746636293427200
1528746636037345281
1528746634007326720
1528746632237371392
1528746631952273409
1528746629955739648
1528746629817323520
1528746629351604226
1528746629318070272
1528746629016170498
1528746628856815616
1528746627422654464
1528746626638139398
1528746626596098048
1528746626201821186
1528746624888864769
1528746624486367232
1528746623085707264
1528746621093150720
1528746619750989824
1528746619327455235
1528746616852819980
1528746616743727105
1528746616223633409
1528746615955144704
1528746615586140160
1528746615464374273
1528746615166599168
1528746614977855488
1528746614977744896
1528746612914257922
1528746612419338243
1528746611832152076
1528746611748220928
1528746611182309377
1528746610825605120
1528746609516888065
1528746609424887809
1528746609353363457
1528746608812118016
1528746607629709312
1528746607629549568
1528746605788205056
1528746605284691969
1528746601463918592
1528746601098924040
1528746600578826243
1528746599337295872
1528746598238498817
1528746598192320513
1528746597324144640
1528746596371947521
1528746594723504128
1528746594689945601
1528746594425884673
1528746594220265473
1528746593339510784
1528746592894783488
1528746592802639872
1528746592681054208
1528746592626348039
1528746591279992832
1528746591208853505
1528746590210596864
1528746588948111362
1528746587261964291
1528746586725142528
1528746586624380928
1528746586444075013
1528746586381115393
1528746586267865088
1528746583717818370
1528746583675764737
1528746582904131584
1528746582300327936
1528746581935001600
1528746581784150017
1528746580999798786
1528746580932804612
1528746579741446151
1528746579179577346
1528746578793873408
1528746578223239171
1528746578202222592
1528746576205778954
1528746576205778951
1528746575908032514
1528746574481866752
1528746574184079362
1528746573848526850
1528746569612288000
1528746568551120897
1528746567016009730
1528746566684659720
1528746566592483335
1528746565698977794
1528746565288046593
1528746564440793091
1528746560452022272
1528746559470551042
1528746558954536961
1528746557792784394
1528746554579894272
1528746554571489281
1528746554248396800
1528746553493671937
1528746551983718402
1528746550947635201
1528746550775750656
1528746548913270784
1528746548523302914
1528746547676061698
1528746547298635776
1528746546346479616
1528746545968988160
1528746545155297280
1528746543997947904
1528746543729086464
1528746541472796673
1528746541426651136
1528746539492945921
1528746538331254784
1528746538113040385
1528746537500786693
1528746530659868672
1528746529753812992
1528746529074335744
1528746527581040641
1528746526260043776
1528746525303705601
1528746524926263298
1528746523051249665
1528746521826664449
1528746518315933696
1528746517221281793
1528746516239761408
1528746516084838402
1528746515740512256
1528746515400990720
1528746514843058177
1528746514805272578
1528746511797993473
1528746511491903489
1528746511211048960
1528746510678011904
1528746508958502916
1528746506882166789
1528746505959530497
1528746505141641222
1528746504973869056
1528746504579588097
1528746504248209408
1528746503820419075
1528746501928722433
1528746499374567425
1528746498963349504
1528746496836911107
1528746495536766977
1528746494760693761
1528746494131843073
1528746494068768769
1528746493850660864
1528746493619732480
1528746492122497024
1528746491786891265
1528746491782828032
1528746491690590208
1528746491644362752
1528746491380174850
1528746491065556994
1528746490830606341
1528746488637046784
1528746487978524672
1528746486749704194
1528746486657327105
1528746485902286849
1528746484539215874
1528746483582918663
1528746482899337216
1528746481301209093
1528746480554627072
1528746479732637696
1528746478818185216
1528746477962543104
1528746477446635520
1528746476553261056
1528746476079226880
1528746475676651523
1528746474053451776
1528746473948557314
1528746473193627649
1528746471486627842
1528746471281115137
1528746470769311745
1528746470031216643
1528746469821399042
1528746468357484545
1528746468265295872
1528746467619479552
1528746467610992640
1528746467548184576
1528746467103342592
1528746465945866240
1528746465325203463
1528746464028938241
1528746463957643264
1528746461906747392
1528746460090712064
1528746459834642432
1528746459629240320
1528746459121782786
1528746456512872450
1528746456332500992
1528746456269864960
1528746455136993280
1528746454164000768
1528746454147375104
1528746452196941826
1528746452138307584
1528746451375108096
1528746450783461376
1528746450657624064
1528746450636750851
1528746450137534466
1528746449416093698
1528746448543678464
1528746447113535490
1528746447054598145
1528746446899580929
1528746443472785408
1528746443082805249
1528746442956845056
1528746442197716993
1528746441971220480
1528746441627295744
1528746440759160833
1528746440268341249
1528746439744049152
1528746438036836354
1528746437101555712
1528746436111872000
1528746435654590464
1528746433414737921
1528746433339305985
1528746430835396609
1528746430151725056
1528746429358870533
1528746429048569864
1528746427635093505
1528746427593150465
1528746427559530496
1528746426955534336
1528746426678710273
1528746426385195011
1528746424480964609
1528746424258658307
1528746423092555776
1528746422941765639
1528746422367096834
1528746422228615171
1528746421842857986
1528746419603050496
1528746419569442816
1528746419439509504
1528746418449489920
1528746418021748740
1528746417736536065
1528746416520040449
1528746416402845697
1528746415303925765
1528746414611714049
1528746414196592642
1528746412233502721
1528746412221276165
1528746411839324162
1528746411822809088
1528746411722153990
1528746411159957505
1528746411025584128
1528746409687760896
1528746409196982280
1528746409024962564
1528746408580247553
1528746408194494465
1528746407527579650
1528746407301095430
1528746407225528321
1528746406860754946
1528746405946597376
1528746403509506049
1528746403492765697
1528746400959307779
1528746400716046337
1528746399390920704
1528746398887321603
1528746398631485440
1528746397184442374
1528746396244815872
1528746396211458049
1528746395838169090
1528746395825577985
1528746394739171328
1528746394080641025
1528746393623478273
1528746392524668928
1528746391937372161
1528746391299837952
1528746390607757314
1528746390276431877
1528746387432558592
1528746386493255683
1528746385750773763
1528746385499095042
1528746385100705794
1528746384823918596
1528746383330750471
1528746382433329152
1528746380981948418
1528746380004564995
1528746379958435843
1528746377366409216
1528746376972017665
1528746376862965760
1528746376821100545
1528746375449559040
1528746375269257217
1528746374262493186
1528746373080031232
1528746372815519744
1528746370789695489
1528746370139492353
1528746369921564672
1528746369233698818
1528746367161667587
1528746365357936640
1528746365228003328
1528746364854837253
1528746364674314240
1528746363860680706
1528746361432068096
1528746360144801797
1528746359557324800
1528746359469244416
1528746359351697408
1528746358911410179
1528746358412296192
1528746358332596228
1528746357141430273
1528746357099462667
1528746357049245698
1528746354473844737
1528746354406739969
1528746353773400078
1528746352997433344
1528746351902830592
1528746351701512194
1528746350753595394
1528746350451605504
1528746350170542080
1528746350044651522
1528746349583142914
1528746349222580228
1528746347763052546
1528746347142291457
1528746346911612929
1528746345921531905
1528746345653489664
1528746345623789568
1528746345284116481
1528746344541609984
1528746342176243715
1528746342041911298
1528746340884402176
1528746339957342209
1528746339852505089
1528746339370094592
1528746338959106049
1528746337679904769
1528746337293983745
1528746337050697728
1528746336174100480
1528746334823784453
1528746334408392706
1528746333921853443
1528746332726370306
1528746330239250438
1528746329685434368
1528746329459109890
1528746329442340865
1528746329291247617
1528746329043869697
1528746328968265730
1528746327118585858
1528746326204243974
1528746325797478401
1528746325285580800
1528746324295929864
1528746323071053825
1528746322320273408
1528746321888235520
1528746320961359873
1528746320806428672
1528746320055386112
1528746318117670912
1528746318029631491
1528746317903802368
1528746317530312704
1528746317052358656
1528746316251246592
1528746316033040386
1528746315999494145
1528746312849498113
1528746312702754817
1528746312514019329
1528746311750762497
1528746311742279682
1528746311469527040
1528746309951401984
1528746309838163970
1528746309590495232
1528746309263433732
1528746308869230593
1528746306667266050
1528746305710870528
1528746305652150274
1528746304750473219
1528746304649711624
1528746303559086080
1528746302955261957
1528746301126590464
1528746301030117380
1528746300036071427
1528746299868057600
1528746299369181189
1528746299100626944
1528746299000070145
1528746297905258498
1528746294931386368
1528746294529126401
1528746294478401536
1528746293962629120
1528746293698252800
1528746291869757446
1528746291139846144
1528746290401656833
1528746290070159360
1528746289718231042
1528746289579425793
1528746288216424450
1528746285565628416
1528746284726620161
1528746284718473217
1528746283241984000
1528746282423943168
1528746281740427266
1528746281216135170
1528746280578596864
1528746280436088833
1528746280339460097
1528746279962042368
1528746279437746177
1528746278544461824
1528746276954574849
1528746276866641921
1528746275486584834
1528746275209850882
1528746274417254402
1528746274316427264
1528746273821667329
1528746273494274048
1528746273356095489
1528746271481077762
1528746271149801473
1528746268092157954
1528746267152629764
1528746266905174017
1528746266703941634
1528746266569715714
1528746266439700480
1528746266229866496
1528746265839915008
1528746265051291648
1528746264908779520
1528746264065724424
1528746263516262401
1528746263407214593
1528746262878490624
1528746262559723520
1528746261548961792
1528746260873740288
1528746260324184064
1528746259493883907
1528746258579566593
1528746257165864960
1528746256331423747
1528746254632624128
1528746253831610370
1528746251797381123
1528746249238855686
1528746248156610560
1528746246894235648
1528746245770067968
1528746245145169920
1528746245048655877
1528746243119144960
1528746241164812289
1528746240707526659
1528746240619560964
1528746240573415424
1528746238488719360
1528746238266421248
1528746237570187264
1528746237180399616
1528746236316200960
1528746233430388737
1528746232889626624
1528746230867808259
1528746230779629570
1528746230318178304
1528746230280593409
1528746230133985282
1528746229630263296
1528746227352760320
1528746224265768961
1528746223993241600
1528746223250833409
1528746221380194305
1528746221258653701
1528746221006905344
1528746220675530754
1528746219626971138
1528746219400462341
1528746219136339968
1528746218121216001
1528746218083450885
1528746217185824769
1528746216753881088
1528746214799417347
1528746213662760960
1528746213574680578
1528746212156796930
1528746210672185344
1528746209304842240
1528746208977559552
1528746208960950272
1528746208440856577
1528746208239538176
1528746208096931842
1528746207706763270
1528746206930796548
1528746206175846401
1528746205773193217
1528746204850536448
1528746204074475520
1528746201780310017
1528746201692221442
1528746199574097920
1528746198957531139
1528746197694963716
1528746197120598017
1528746196344352771
1528746195161690113
1528746194867998721
1528746193773264898
1528746192804397058
1528746192309571585
1528746191407616003
1528746191399407621
1528746190908452864
1528746190489194497
1528746190275321857
1528746189184696321
1528746188672905221
1528746188119236608
1528746186823303169
1528746184071909382
1528746182587174914
1528746182138281984
1528746180955471872
1528746180720504833
1528746180691529728
1528746179865063424
1528746178917109760
1528746178548011010
1528746178397241345
1528746177419788292
1528746177331707908
1528746176685690880
1528746173988626432
1528746173170868225
1528746172050972672
1528746170943774722
1528746170884947975
1528746170725679106
1528746170293665793
1528746169978986496
1528746169240780801
1528746168687239173
1528746168636825600
1528746168447926272
1528746168129396738
1528746167064047616
1528746166610960384
1528746166166364161
1528746166145404933
1528746165247700992
1528746164719210496
1528746164274794508
1528746161749778436
1528746159682072578
1528746157677101060
1528746157672890370
1528746157530308609
1528746156615823361
1528746155877752833
1528746155785523203
1528746154984296450
1528746154279723009
1528746153788981250
1528746153403113472
1528746152958382081
1528746152799223808
1528746151859695616
1528746151368859649
1528746148105977857
1528746147761774595
1528746147615055872
1528746147518496769
1528746147505917956
1528746146927099905
1528746145547276291
1528746144771219456
1528746144691818497
1528746144658075648
1528746144448356354
1528746143349231616
1528754540119527426
1528754538144010240
1528754536965459969
1528754535321128960
1528754535048568833
1528754534880772098
1528754534637608962
1528754534184624130
1528754533354164225
1528754533006036994
1528754532133572610
1528754531462430721
1528754531361869828
1528754530699051008
1528754529604456448
1528754529524600833
1528754528933265409
1528754527502991361
1528754526370549760
1528754525695225857
1528754525577924609
1528754525569523712
1528754524579581952
1528754523795341313
1528754523669467137
1528754521824018432
1528754521303810049
1528754520787853313
1528754520657887233
1528754518451707905
1528754517998714880
1528754517696819200
1528754515155070976
1528754514278350851
1528754513963798534
1528754513225601026
1528754511870820354
1528754511753498624
1528754511359135744
1528754510994227205
1528754509752815618
1528754509744328707
1528754509538807808
1528754508217479168
1528754507991068673
1528754507840208898
1528754507227725825
1528754506221162496
1528754506078507017
1528754505990426624
1528754505264898049
1528754503578681344
1528754503087820800
1528754502249111552
1528754501120888833
1528754500617617408
1528754498210078723
1528754497966710786
1528754497681379329
1528754495584362496
1528754494749786113
1528754494695043072
1528754494086979584
1528754493877370882
1528754493512351745
1528754493004910592
1528754492790800385
1528754492254175238
1528754491398443008
1528754489272205313
1528754487313285120
1528754485375315968
1528754485236928512
1528754485140520961
1528754484570202112
1528754484318445568
1528754482317770752
1528754480916881409
1528754480140935171
1528754479251726337
1528754478538584065
1528754478375124997
1528754477943111680
1528754477410443266
1528754477238325249
1528754475464282113
1528754474294059008
1528754473794949121
1528754473576894464
1528754471584419840
1528754469856591872
1528754469189451776
1528754468841353218
1528754468598165504
1528754467985715201
1528754467558105093
1528754464227610624
1528754463921651712
1528754463510450176
1528754462029930497
1528754460628877313
1528754460524261376
1528754459995684865
1528754458368294912
1528754457948762114
1528754457168662529
1528754456568922113
1528754455931457538
1528754455751053313
1528754455092482048
1528754454329180161
1528754452630491138
1528754452542390272
1528754451200106497
1528754450831233032
1528754450478899200
1528754448389902336
1528754447479865347
1528754444912971777
1528754444728356864
1528754443730026496
1528754441951842309
1528754441842790400
1528754441716899840
1528754440940834817
1528754440047472643
1528754438671851520
1528754438583865345
1528754438546006019
1528754438445404161
1528754436998561792
1528754436931198976
1528754436205531136
1528754435685597184
1528754433429061634
1528754432355205120
1528754431512170496
1528754429264117760
1528754428659892224
1528754426961440774
1528754426927894528
1528754426122739712
1528754426013442048
1528754425086595076
1528754424268566528
1528754423547166720
1528754422951682049
1528754422804643840
1528754422142193665
1528754422074990592
1528754421928271872
1528754421735501825
1528754420644622336
1528754419101323264
1528754418862198785
1528754418044248064
1528754417566089217
1528754416098091011
1528754415938813958
1528754414093230081
1528754413678039040
1528754413438914562
1528754412524650496
1528754411194957824
1528754410418937857
1528754410146435073
1528754409605300225
1528754409248800769
1528754408665882631
1528754407701110784
1528754407436963841
1528754406530883584
1528754405679325184
1528754405540999168
1528754403599126531
1528754402563182599
1528754399551672325
1528754399375503360
1528754399085940736
1528754398931091458
1528754397953822720
1528754397634781187
1528754397576151040
1528754397005725697
1528754395961245697
1528754394883399684
1528754393725681665
1528754392224083968
1528754390974312448
1528754388197683200
1528754388042403840
1528754387857731584
1528754385311830016
1528754384657580034
1528754384435392513
1528754384280207362
1528754384032743424
1528754383118225409
1528754382086590470
1528754380513718273
1528754379985244160
1528754379255431170
1528754378903003141
1528754378613604352
1528754377862926336
1528754376910614530
1528754376730361856
1528754372422709249
1528754371701383168
1528754370317324288
1528754370107609088
1528754369470115841
1528754369415589889
1528754368974970881
1528754368505434112
1528754368316866560
1528754366324346881
1528754365795688448
1528754365539897344
1528754365502091269
1528754364986302465
1528754364541706241
1528754360683053057
1528754360351526913
1528754357864480768
1528754357814145024
1528754356031369216
1528754355520040963
1528754354739609602
1528754353833648129
1528754353657585664
1528754353279930368
1528754351539425286
1528754349572251649
1528754349484060673
1528754347919679488
1528754347588259840
1528754347257090048
1528754346355216385
1528754345830924288
1528754345654685696
1528754345503862790
1528754345382010880
1528754343905722370
1528754343758794752
1528754343662559232
1528754343293308928
1528754342777393153
1528754342370623492
1528754341791809536
1528754341443665920
1528754340302823424
1528754339753369606
1528754338360852480
1528754336611938304
1528754334120435713
1528754333696905220
1528754332706938881
1528754332610744320
1528754331713175553
1528754330097946624
1528754329871450112
1528754329796202496
1528754328948858882
1528754328239935488
1528754327845621760
1528754327745138688
1528754322997071872
1528754322686857216
1528754321466089472
1528754321063542785
1528754320094773253
1528754319935229963
1528754319591452673
1528754318316564481
1528754317984903168
1528754317808676866
1528754317791879168
1528754316529369089
1528754314973327360
1528754314319118338
1528754313912274948
1528754313404686336
1528754311525814272
1528754311521611776
1528754311064428545
1528754309873430528
1528754309151739904
1528754308891791362
1528754308375646208
1528754308274982912
1528754308254138369
1528754308006969345
1528754307645919232
1528754307503366144
1528754306773618690
1528754306454806535
1528754306366808069
1528754306098565120
1528754305758638081
1528754305372770307
1528754304454209538
1528754301069316097
1528754300142362625
1528754299777564673
1528754299257225216
1528754299211243521
1528754297491828736
1528754296875012100
1528754294173929475
1528754293951668225
1528754293498646530
1528754292567339008
1528754292261281792
1528754291955052551
1528754288939384841
1528754288515760129
1528754288301731840
1528754288071442432
1528754287999758336
1528754286850629632
1528754286288588800
1528754286083047425
1528754285919490049
1528754285793759234
1528754284673867777
1528754283671343106
1528754282836672513
1528754282148704256
1528754281792344068
1528754280068526080
1528754279153954816
1528754277400952833
1528754277035802624
1528754276809551872
1528754276541005825
1528754275509227521
1528754275140087808
1528754273835794434
1528754273303027712
1528754273013604353
1528754270778150912
1528754269981413377
1528754269121282048
1528754267942793224
1528754266910990337
1528754266449809408
1528754266327900160
1528754266214739969
1528754265551998979
1528754265463857156
1528754264914374657
1528754264260091905
1528754264100970496
1528754263962296321
1528754263903682567
1528754263790219265
1528754263563829250
1528754262762737666
1528754262750154752
1528754261949046784
1528754261349343234
1528754261114363906
1528754258677489664
1528754256676782080
1528754256039362560
1528754255905050627
1528754254458114049
1528754253736599553
1528754253459640321
1528754252751024131
1528754252071452673
1528754250762924036
1528754250146369539
1528754250020294656
1528754249898856449
1528754248690827268
1528754248464359424
1528754247688368128
1528754247298424832
1528754247004737537
1528754246920847360
1528754246300053504
1528754244848914432
1528754243473227776
1528754243066281986
1528754242768588800
1528754241615060993
1528754241174745088
1528754239958405120
1528754239891185666
1528754239203381250
1528754238653726721
1528754237944999936
1528754237399785472
1528754237290577921
1528754234732302337
1528754233692016642
1528754233566466048
1528754233381486592
1528754233218146305
1528754233159335939
1528754231548706820
1528754231401885701
1528754231242637313
1528754230898610177
1528754229640368130
1528754227417432064
1528754227098464256
1528754227060826113
1528754227006296065
1528754226595241990
1528754226490355716
1528754225718632449
1528754225286721537
1528754225001267200
1528754224619741185
1528754224506494978
1528754223474782208
1528754220874096642
1528754220853338113
1528754220312186881
1528754220203229185
1528754218533789698
1528754217925726208
1528754217858613249
1528754217766338567
1528754216394629126
1528754216285749251
1528754215199379459
1528754214368952321
1528754214335303680
1528754212686991363
1528754212498194435
1528754212246626305
1528754212200382465
1528754211462295553
1528754210728300552
1528754210472198144
1528754209675419650
1528754207628660736
1528754207599341569
1528754207083225088
1528754206668210177
1528754205653368833
1528754205573398532
1528754205267316738
1528754204000497666
1528754203765579776
1528754203597807622
1528754202973032450
1528754202406977537
1528754200733163521
1528754200448061442
1528754197692395520
1528754197545492485
1528754195540615175
1528754194890596353
1528754194575941635
1528754194529886208
1528754194320089089
1528754194030764034
1528754193888071681
1528754192852066304
1528754192436822016
1528754191824523264
1528754191518289920
1528754188506759168
1528754188380954625
1528754186325831681
1528754184803307520
1528754182487932928
1528754181695217664
1528754180839596033
1528754179606446080
1528754179438653440
1528754178398781440
1528754177563844609
1528754176779603968
1528754176506871814
1528754175970103299
1528754173868662784
1528754173113663488
1528754173075935232
1528754172249743362
1528754172107149312
1528754171951734784
1528754171700297728
1528754170689462272
1528754164158894081
1528754163475259393
1528754162749607937
1528754162313449472
1528754159847350273
1528754159083614209
1528754158769143808
1528754158207176704
1528754157645176833
1528754157003411459
1528754156571435009
1528754156009308160
1528754155753459712
1528754155740880898
1528754155598360578
1528754155560517633
1528754155476721666
1528754154851954689
1528754153601716224
1528754151936729090
1528754149634019329
1528754148316958720
1528754143405281280
1528754143258677251
1528754143149625346
1528754142977703936
1528754142352752641
1528754142142922753
1528754140549087233
1528754140372942851
1528754139328839680
1528754139328651265
1528754139072716801
1528754135918645251
1528754133859282944
1528754133506850816
1528754132856852480
1528754132214878212
1528754131191574528
1528754130675716096
1528754130302513152
1528754127504912384
1528754127144210432
1528754126472982528
1528754125936029696
1528754123952345088
1528754123922759681
1528754123356745730
1528754123012599808
1528754122765258753
1528754122085871618
1528754121611702273
1528754121599238145
1528754121293062144
1528754120693268481
1528754120349212675
1528754120110542848
1528754119950880775
1528754115857219585
1528754115538460678
1528754111428034560
1528754109041491968
1528754108764676096
1528754108047380480
1528754106864652289
1528754106575233032
1528754106243817472
1528754106118164480
1528754105543450625
1528754104847187968
1528754104709029888
1528754104310325248
1528754103802859521
1528754103731380225
1528754103505113089
1528754103056220160
1528754101764358144
1528754101617512448
1528754101282033664
1528754099482611713
1528754099344117760
1528754098627018754
1528754098073485312
1528754098031316992
1528754097205149697
1528754096899084288
1528754094092984321
1528754093979750400
1528754092847382529
1528754091295395847
1528754089760260096
1528754089672294407
1528754087994576896
1528754087512137732
1528754086815969283
1528754085658337282
1528754085477830658
1528754084576116737
1528754083628077056
1528754083452051456
1528754082911068165
1528754081707212803
1528754080771756032
1528754078205063168
1528754077575700481
1528754077559144449
1528754076644691969
1528754075818409985
1528754075407360000
1528754075097079808
1528754074698584069
1528754074677612544
1528754073847353344
1528754073763209217
1528754073218039809
1528754072089726979
1528754070793736194
1528754070231478272
1528754069564801027
1528754069489295360
1528754068700766209
1528754068570742784
1528754067597565952
1528754067039723520
1528754066922569728
1528754065139806210
1528754064988770307
1528754061440344064
1528754059460624384
1528754058374221824
1528754057631780864
1528754057485111299
1528754056516317192
1528754056071725056
1528754055874478082
1528754055493066752
1528754055299858435
1528754055069065216
1528754053190418432
1528754052460335104
1528754052246298624
1528754052175118336
1528754048618602496
1528754047951376385
1528754047750225920
1528754045741047808
1528754043413311488
1528754042708668416
1528754042532397057
1528754042201165825
1528754041899347973
1528754041651707907
1528754041429311493
1528754041311879169
1528754040770813952
1528754039923646466
1528754039734734848
1528754037948293120
1528754037704769536
1528754037545385987
1528754037277048832
1528754036970819587
1528754034982670337
1528754032587812865
1528754032420040707
1528754032189542400
1528754032004587521
1528754031727890432
1528754031560118272
1528754030574460929
1528754030138527744
1528754029404336129
1528754028934733824
1528754027558752258
1528754026589716480
1528754026413957120
1528754024111022080
1528754023595139072
1528754023364435968
1528754022622142464
1528754022064300032
1528754021313355781
1528754021137268742
1528754019908440064
1528754018893414405
1528754018159296512
1528754017852981249
1528754017836404736
1528754017609867267
1528754017605591041
1528754017484128263
1528754015672074244
1528754015022026753
1528754014757830657
1528754014359281665
1528754011058450437
1528754010768932864
1528754010261540865
1528754009028411393
1528754008092921856
1528754007556210690
1528754006604103681
1528754005526052864
1528754004670533632
1528754004414562310
1528754004079308802
1528754004011925510
1528754003349327874
1528754003345125377
1528754002376200195
1528754001713438723
1528754000501170181
1528754000190906368
1528753999914082304
1528753999742128132
1528753998521573376
1528753998278320131
1528753997552701440
1528753997422776320
1528753997368131585
1528753995212378112
1528753992934690817
1528753992624492544
1528753992452521986
1528753990841815040
1528753989805699074
1528753989612982274
1528753988534927363
1528753987868012544
1528753987335372800
1528753986777387008
1528753986152669184
1528753985837879297
1528753985817018368
1528753985154260992
1528753984470757378
1528753983682396160
1528753983564570624
1528753983514365953
1528753983375876097
1528753982566326273
1528753982000226310
1528753981614194689
1528753979915640838
1528753979860979713
1528753978766417920
1528753978749571072
1528753977675984900
1528753975813709826
1528753975482277890
1528753975226662912
1528753975033577472
1528753974815469569
1528753972785209345
1528753972655411200
1528753971912970242
1528753971245899777
1528753970193510400
1528753969694183425
1528753969568354305
1528753968603463680
1528753968574349319
1528753968263835648
1528753965768200192
1528753965432819720
1528753963343892481
1528753963276853248
1528753963016896513
1528753962517729287
1528753962421059584
1528753961846579201
1528753961829904386
1528753961741996032
1528753960697442306
1528753959942336512
1528753958533140480
1528753958449303559
1528753958243733506
1528753955941097472
1528753955722997766
1528753955454459904
1528753955395747842
1528753954972061697
1528753953860624384
1528753953361502209
1528753952770113542
1528753951700570112
1528753951411081217
1528753950693810176
1528753950580584448
1528753949238513665
1528753949142003712
1528753948626124801
1528753947740995585
1528753947158134790
1528753945908113408
1528753944821915649
1528753943987232768
1528753943559421955
1528753943278407682
1528753943198695426
1528753943194525696
1528753942867243009
1528753940484997121
1528753938442461186
1528753937553440768
1528753935951056899
1528753935636434944
1528753933975527424
1528753933539213313
1528753932624769024
1528753932528259072
1528753930989191169
1528753930553159681
1528753930053644288
1528753929655296001
1528753928719978497
1528753927868522496
1528753927323549701
1528753927096832000
1528753926748532737
1528753925972758528
1528753924005666823
1528753923309305864
1528753922592022528
1528753921593851904
1528753921157627906
1528753920645922816
1528753920419549184
1528753919731572736
1528753916753547264
1528753916627886081
1528753914593648640
1528753914492747781
1528753912496459776
1528753912462905344
1528753912366485511
1528753911968018432
1528753911812829186
1528753911196045313
1528753910197911553
1528753909996699649
1528753908709044226
1528753908688031750
1528753907731767297
1528753907308154881
1528753906506993667
1528753906221719559
1528753904275845120
1528753904003039232
1528753903705067520
1528753902413402113
1528753902253907968
1528753901549371392
1528753900886671360
1528753899951206402
1528753899351310336
1528753898374189056
1528753898084876288
1528753896352632832
1528753895744450568
1528753894918180873
1528753894641254404
1528753893756354565
1528753892980293633
1528753892045242368
1528753891902300161
1528753890988007428
1528753890828529664
1528753890501357570
1528753890292019200
1528753890136494080
1528753889142521857
1528753889134223361
1528753888760840192
1528753887838195712
1528753886126821376
1528753885199728640
1528753884876922883
1528753884608442370
1528753883241144322
1528753882012143617
1528753880707878917
1528753880594534402
1528753878014930944
1528753877012578304
1528753876584878080
1528753876153008131
1528753876077363201
1528753874672271365
1528753874500296705
1528753874386964480
1528753872151494656
1528753870414811136
1528753870041763840
1528753869999820800
1528753869932711938
1528753867340529665
1528753866501660672
1528753865620865026
1528753865570537475
1528753865277026305
1528753865243467776
1528753865184657408
1528753864903917568
1528753864098324486
1528753863179780096
1528753862106021888
1528753861929881601
1528753861804040195
1528753861518757888
1528753861225234435
1528753860990361601
1528753860906561538
1528753859878744066
1528753859216445443
1528753858767372288
1528753858390151169
1528753857672749058
1528753857626443776
1528753857471426560
1528753856850673664
1528753856670220289
1528753856569819136
1528753856410099712
1528753854690512897
1528753854589935618
1528753853318909953
1528753853310590976
1528753851838484480
1528753851104477185
1528753850391437312
1528753850231967747
1528753850215084032
1528753849493639168
1528753849057562625
1528753848617164801
1528753848541761536
1528753848302858240
1528753848256450560
1528753846805217281
1528753846763257856
1528753846574387200
1528753843852521478
1528753843214897152
1528753843105845251
1528753842724413440
1528753842254405635
1528753841948213248
1528753840165642241
1528753837800099840
1528753837485527041
1528753837108244480
1528753836193611776
1528753836080648192
1528753836059418628
1528753835010838528
1528753834730074113
1528753834721308677
1528753834671194113
1528753834129883136
1528753834058829824
1528753833920319488
1528753833442086913
1528753829705039874
1528753828199276545
1528753827431825409
1528753825728847874
1528753825603018752
1528753824713801728
1528753824210505729
1528753824126472197
1528753823308779522
1528753822348328965
1528753820989280257
1528753820334956550
1528753820297199621
1528753820246978561
1528753819223527425
1528753819181522946
1528753817369583619
1528753817159884801
1528753815922548737
1528753815909965826
1528753815813509124
1528753815196946441
1528753814274187268
1528753813599195136
1528753813402038272
1528753813049335808
1528753812919697409
1528753810742685696
1528753809698193411
1528753809404616704
1528753809161265154
1528753807743627269
1528753806988652544
1528753806787346432
1528753806363791361
1528753805910605825
1528753804505534469
1528753803284992004
1528753801603203073
1528753800785170432
1528753800269504514
1528753799959089153
1528753799426461696
1528753798788763651
1528753798671474688
1528753798025338881
1528753797815836672
1528758860592578565
1528758860185468928
1528758859661180933
1528758858537226243
1528758858432204800
1528758856100286464
1528758855123050496
1528758854955278336
1528758854619496448
1528758854103736321
1528758852795105282
1528758852543320064
1528758851952164865
1528758847766003714
1528758842456264704
1528758842418421760
1528758842108088323
1528758842049187841
1528758841298587650
1528758840304492545
1528758839994114049
1528758839549362176
1528758839037857794
1528758838102482946
1528758836836069377
1528758835460046849
1528758835455741952
1528758835103473664
1528758834994495489
1528758832972845056
1528758832935145475
1528758832184184832
1528758832029212672
1528758831869792256
1528758830833668097
1528758829793480705
1528758829084704776
1528758828942204929
1528758826954117123
1528758826920398848
1528758826123542535
1528758825326628864
1528758824756162562
1528758824722628609
1528758824118648833
1528758824068427776
1528758823317405696
1528758823212634113
1528758822684307457
1528758822390611968
1528758820029308929
1528758819505020928
1528758816908648448
1528758816141193216
1528758815805558784
1528758815352569858
1528758814417178624
1528758814236975104
1528758814152876032
1528758814069116928
1528758813725278208
1528758811854503936
1528758811535843331
1528758811011473409
1528758809728106496
1528758809560330243
1528758806376857600
1528758805714161664
1528758805642760192
1528758805399470081
1528758805210832898
1528758805139529730
1528758804942360579
1528758801280577538
1528758799904940033
1528758799414198275
1528758799305146370
1528758798806044672
1528758798738829312
1528758797736484865
1528758796360753152
1528758796084215808
1528758795173871618
1528758794712391680
1528758794435497985
1528758794259406850
1528758793231900672
1528758792879345666
1528758792304832512
1528758792023851009
1528758791872954368
1528758791470194689
1528758791374012416
1528758791189278721
1528758790719524867
1528758788974555136
1528758788924223490
1528758787812868098
1528758787800068097
1528758785879199747
1528758785669464066
1528758785250140165
1528758784121876480
1528758783337455618
1528758782041460737
1528758781965918213
1528758781940736002
1528758781575831552
1528758780564951042
1528758780401397761
1528758779768197122
1528758778950197251
1528758777343778824
1528758776865734656
1528758776819552256
1528758776731516930
1528758776697847810
1528758776060424197
1528758773510295553
1528758772931387393
1528758772755226626
1528758771832479744
1528758771777929216
1528758770553200640
1528758769705951234
1528758769567555584
1528758769554817024
1528758768892354561
1528758766946209794
1528758766929338368
1528758766828720128
1528758765566144512
1528758764907728897
1528758764098027521
1528758761321648129
1528758761199788033
1528758759903973377
1528758759903961089
1528758759748689921
1528758758758879233
1528758756401590278
1528758754900164608
1528758753507655682
1528758752131829764
1528758751917899776
1528758750705860610
1528758750332366848
1528758749971857408
1528758749866909696
1528758749795688449
1528758749342715908
1528758748633829377
1528758748105277445
1528758747887173632
1528758747207811081
1528758747182546944
1528758746343669760
1528758744988782592
1528758744645083136
1528758743944634371
1528758743395098624
1528758742547943424
1528758742430400517
1528758741742497797
1528758740727496705
1528758740199129090
1528758739553071104
1528758738013802497
1528758737116311554
1528758736646701056
1528758735220482048
1528758733907558404
1528758732582273025
1528758732217368586
1528758732011802628
1528758731978199040
1528758731650965504
1528758731047059456
1528758730749272065
1528758730514386945
1528758729574858752
1528758728157167621
1528758727557382145
1528758726592798725
1528758725942685698
1528758725053403141
1528758724357390336
1528758724311007234
1528758723870609409
1528758723526676480
1528758723233124352
1528758723094556672
1528758722704588802
1528758721534431235
1528758720980729857
1528758720922112005
1528758720683032578
1528758720347443213
1528758719730880512
1528758718275395584
1528758717830897674
1528758717554073602
1528758717033889795
1528758716526370816
1528758715792470021
1528758715242921984
1528758713921593346
1528758713670049792
1528758713137483776
1528758710473998336
1528758709702336512
1528758708846698502
1528758707986878464
1528758707705749504
1528758707462488065
1528758707374260224
1528758707131236354
1528758706846015492
1528758706522972161
1528758706023723008
1528758704652406785
1528758702240571392
1528758701955465218
1528758700684546052
1528758700441276417
1528758700416147457
1528758699950473216
1528758699711414274
1528758698985893888
1528758698054758401
1528758696930590720
1528758696779587586
1528758693155819521
1528758692786495488
1528758692560224256
1528758692463755269
1528758692136484865
1528758689477312515
1528758689041203202
1528758688529453056
1528758688231604225
1528758687699025920
1528758687220776960
1528758686591614977
1528758686432169985
1528758685534932993
1528758685111140354
1528758684695810050
1528758683341099014
1528758682829332481
1528758682791686144
1528758682787389440
1528758681185157121
1528758680539344898
1528758680354705410
1528758680040054784
1528758677674414081
1528758677653577729
1528758676948910082
1528758676772773890
1528758676684693504
1528758676038864898
1528758675577491456
1528758675543924738
1528758672427560961
1528758672268091392
1528758671978729473
1528758668862181376
1528758668593856513
1528758667205550082
1528758667008425985
1528758666714824704
1528758666383413249
1528758666115129346
1528758665842499584
1528758665255170049
1528758664936722432
1528758664282009600
1528758662889713664
1528758662369517568
1528758661895561218
1528758661849423874
1528758661782331393
1528758661253935105
1528758661199306754
1528758661161529347
1528758660876210176
1528758660838457346
1528758659618115590
1528758659303489539
1528758658473021440
1528758658393423873
1528758657965498368
1528758657705443328
1528758657130844161
1528758655331381248
1528758654819831809
1528758654324854785
1528758653817434118
1528758653616017410
1528758652055826433
1528758651678236675
1528758651468533760
1528758650436730881
1528758649283149824
1528758648914251776
1528758648847183873
1528758648503259140
1528758647739777025
1528758647458828288
1528758646762483712
1528758646536032259
1528758646087331842
1528758645462339585
1528758644153655296
1528758644065673216
1528758642652192771
1528758642530562048
1528758641683316737
1528758640383078408
1528758639661563907
1528758638709456897
1528758637472190466
1528758636151029761
1528758636126040064
1528758635710631951
1528758635446272002
1528758635341430784
1528758634246574084
1528758632959057921
1528758631960920064
1528758631335723009
1528758630920634370
1528758629905620997
1528758629561774080
1528758627384889346
1528758625707204608
1528758624981602305
1528758624449089538
1528758624201412608
1528758624083771392
1528758622687268864
1528758621596786688
1528758621114449925
1528758620757925888
1528758619562442756
1528758619143127043
1528758616991444994
1528758616916107264
1528758616638902272
1528758616496427009
1528758615951163393
1528758614554460160
1528758614432698368
1528758612759351296
1528758611157073920
1528758608720166912
1528758608292454402
1528758608107806721
1528758607965302787
1528758607763881986
1528758607654830084
1528758607206129665
1528758606442766339
1528758604831916032
1528758603758419968
1528758602953007104
1528758601967362048
1528758600570654721
1528758600478257152
1528758600440631298
1528758598846791681
1528758598758809603
1528758597974376450
1528758597081088001
1528758597072601089
1528758596896534529
1528758596187566080
1528758595952812032
1528758595470471168
1528758595147505665
1528758594576990214
1528758592026845186
1528758591829811203
1528758591821434880
1528758591460605952
1528758590193942528
1528758589644582913
1528758589258895360
1528758587505385473
1528758581369053184
1528758581306134528
1528758581197086722
1528758580979048450
1528758580974960642
1528758580475723776
1528758580303781891
1528758580052393984
1528758580035440643
1528758579742003201
1528758579540508673
1528758578680631296
1528758577997004802
1528758577879457792
1528758574645661698
1528758574532464643
1528758573878194182
1528758573798461443
1528758573781614593
1528758573051826178
1528758572666036225
1528758571856449536
1528758571281698819
1528758570866679808
1528758570740752384
1528758570107424770
1528758569591513089
1528758569478238211
1528758569465700352
1528758569121853444
1528758568945598464
1528758568442273803
1528758567871737858
1528758567737733123
1528758565850304512
1528758564659073026
1528758564617060353
1528758564562644993
1528758563811647489
1528758563753140226
1528758563405021190
1528758562939346947
1528758562708660226
1528758561622618113
1528758561182031872
1528758561072943104
1528758560531705856
1528758560498270209
1528758559785222147
1528758558514462720
1528758558480801792
1528758558346575874
1528758557323186179
1528758557264465920
1528758556723449857
1528758556022956032
1528758555553185793
1528758555511345154
1528758554764750855
1528758553116569601
1528758551560310791
1528758551547715585
1528758551107223554
1528758550310313986
1528758549383241730
1528758549370884096
1528758547638390785
1528758542299066373
1528758542026838016
1528758541326196737
1528758540856283136
1528758540348841985
1528758537773522944
1528758536616185856
1528758536532008961
1528758535991054338
1528758534762110976
1528758534246367238
1528758534237835265
1528758534095130626
1528758531599519744
1528758530534166529
1528758530299543552
1528758529779126272
1528758529603018752
1528758529347055616
1528758529095393286
1528758528437108736
1528758527883460609
1528758527770107904
1528758526889312257
1528758526771879936
1528758526734221312
1528758526276927489
1528758526151114758
1528758525454958594
1528758524221825024
1528758523454054401
1528758522803998720
1528758521994661889
1528758521470263297
1528758519985414145
1528758519670906880
1528758519427637248
1528758518664208386
1528758517301223425
1528758516781129729
1528758515384590336
1528758514960814081
1528758514528788480
1528758513761021952
1528758512771268610
1528758512481816582
1528758512423141379
1528758511873630208
1528758511831760896
1528758510447644672
1528758509399158792
1528758509013286916
1528758508866285569
1528758508492972033
1528758508341972992
1528758507620618241
1528758507297812481
1528758506249134080
1528758506203004931
1528758506127499268
1528758505653559297
1528758504026144769
1528758503199981576
1528758503011016704
1528758502897983489
1528758501568401410
1528758501345992707
1528758500746223617
1528758500460875777
1528758500448317440
1528758499638923265
1528758499068370949
1528758499005669378
1528758498196082688
1528758497885790208
1528758497223090178
1528758494928809987
1528758494815473667
1528758494366777344
1528758494207295492
1528758493406175238
1528758493083205635
1528758493062352896
1528758492965875715
1528758492114436097
1528758489618735105
1528758489560100864
1528758489530646528
1528758489425772546
1528758487848738817
1528758487630610434
1528758487534039040
1528758486925910017
1528758485474844673
1528758483763482625
1528758483075710978
1528758481636958209
1528758481259577346
1528758481171398659
1528758479057477632
1528758478658994176
1528758478419935232
1528758476649811968
1528758476117360641
1528758475030810625
1528758474389217286
1528758472233340930
1528758471851749377
1528758470723387392
1528758470064934914
1528758469569953793
1528758469318393856
1528758469129650178
1528758469028990979
1528758467837689856
1528758466084491264
1528758465493073924
1528758465149210626
1528758465081946112
1528758464952115202
1528758464373313541
1528758463345590272
1528758463203102726
1528758463072985089
1528758460988407808
1528758459734237185
1528758459688026112
1528758459369406465
1528758459197366272
1528758458597593090
1528758458417180677
1528758458257915909
1528758457591005186
1528758456861306881
1528758456232157184
1528758455900770307
1528758455506505730
1528758455091200000
1528758454340308992
1528758451601539072
1528758449462513676
1528758448741048320
1528758448581758978
1528758448514650112
1528758447789023232
1528758447163965441
1528758444660244480
1528758444441931777
1528758444286681092
1528758443074527235
1528758442982313985
1528758442730868739
1528758441375723521
1528758441342390272
1528758441048776706
1528758441015123968
1528758439970852864
1528758438796345345
1528758437768617985
1528758436816510976
1528758436451827716
1528758436145545216
1528758435537371143
1528758435189121024
1528758435172450304
1528758433897381888
1528758433536741378
1528758433503236100
1528758433167597572
1528758432383356928
1528758432370671616
1528758431502450696
1528758430009262081
1528758429900230661
1528758427316543488
1528758426561654786
1528758426309840896
1528758426020589569
1528758425282400256
1528758425102036992
1528758424816652288
1528758423910854658
1528758423722016769
1528758423700926464
1528758423084380160
1528758422463819776
1528758421914128385
1528758421629153281
1528758421507514368
1528758420576251904
1528758419410374656
1528758419033051137
1528758418336628737
1528758417455816704
1528758417376137222
1528758416881160193
1528758416793116673
1528758415735934977
1528758415455035392
1528758415446593541
1528758415106920450
1528758414498836482
1528758414410539009
1528758413466869760
1528758413123063810
1528758412921667584
1528758412619694081
1528758412544188420
1528758411697037313
1528758410715402240
1528758409918566400
1528758409008250880
1528758405933846528
1528758404918829056
1528758403341901824
1528758402742091783
1528758402645643264
1528758402532384770
1528758402255814657
1528758401555214339
1528758399751569408
1528758398916866049
1528758398837215232
1528758394408116224
1528758393422221312
1528758393296629760
1528758393078439937
1528758392277327873
1528758391857979392
1528758391182598156
1528758390952022016
1528758390750646272
1528758390742208512
1528758390691971073
1528758390666711044
1528758389987323905
1528758389492183040
1528758387768496130
1528758387319656448
1528758386736635904
1528758385100963840
1528758384857604098
1528758384656273410
1528758383485915137
1528758383477661699
1528758383234404352
1528758382437535746
1528758382118813696
1528758381531615233
1528758381426507776
1528758380621443073
1528758378666811395
1528758378507423744
1528758377442119680
1528758377190666240
1528758376955535366
1528758376569577472
1528758376124907521
1528758375902846977
1528758373730107393
1528758373629452288
1528758372454891521
1528758371855253505
1528758371007995906
1528758370752249858
1528758369514926082
1528758368168460289
1528758368067850243
1528758367920996352
1528758367912861702
1528758366784331776
1528758365182210051
1528758365027024896
1528758364095774721
1528758363932217353
1528758363328172034
1528758361721868291
1528758360513908736
1528758358819209216
1528758358731280385
1528758358169231364
1528758357762486274
1528758357666013184
1528758357573570565
1528758356583845890
1528758355048730626
1528758352490029056
1528758352360218624
1528758351945150464
1528758351579971584
1528758351546523653
1528758351177424900
1528758351139569668
1528758351139569666
1528758349180850176
1528758348811739142
1528758348551802895
1528758348446846976
1528758348023201795
1528758347943378944
1528758346307801089
1528758346089734144
1528758346072764416
1528758345980575746
1528758345460596738
1528758344328044546
1528758343774380034
1528758342688071684
1528758340507025409
1528758339131576320
1528758337805983744
1528758335943622657
1528758335486541824
1528758334756642817
1528758334244933632
1528758333225652230
1528758332223373312
1528758330293989377
1528758326908973056
1528758326791573504
1528758326779052032
1528758326179291136
1528758325902458881
1528758323557842948
1528758323104858114
1528758322727469057
1528758322559520768
1528758322425380868
1528758322358272000
1528758321599107075
1528758321351643137
1528758319292133376
1528758317882953732
1528758315391627265
1528758315286683649
1528758313919332354
1528758312954626049
1528758312656941056
1528758311801208835
1528758311042048000
1528758310786285572
1528758309859250179
1528758308269862912
1528758307749613568
1528758307254575107
1528758305618907136
1528758305602011136
1528758305127948290
1528758304914251778
1528758304394121218
1528758304167665664
1528758303794384899
1528758303681089537
1528758303437750272
1528758303043600384
1528758302615777281
1528758302192062464
1528758301470740481
1528758300635955200
1528758300598276096
1528758300568952833
1528758298341679105
1528758298320809985
1528758295485419520
1528758295409963008
1528758294029824000
1528758293698691075
1528758293652307968
1528758293459570691
1528758292943581184
1528758292876611587
1528758292784238597
1528758291131670531
1528758291077079041
1528758289177141250
1528758288963317760
1528758288854155265
1528758288380207105
1528758288296210432
1528758288182939650
1528758288032096258
1528758288002600961
1528758287147089922
1528758286824120325
1528758286601924610
1528758285368709122
1528758285352017924
1528758284512919552
1528758283577991169
1528758282818572288
1528758282646695938
1528758280033542145
1528758279777570818
1528758279484149763
1528758279387680773
1528758278456492032
1528758277890535425
1528758276892119041
1528758276787261440
1528758276564844550
1528758276086808576
1528758274811514880
1528758274031378438
1528758273415028737
1528758273297498115
1528758271569444865
1528758269656940546
1528758269086339072
1528758269044355073
1528758268926955520
1528758268541251585
1528758267207462912
1528758266532085760
1528758266322370563
1528758265286479872
1528758264946692097
1528758263423963136
1528758263184887809
1528758262744723456
1528758262723530752
1528758260446150658
1528758260152639488
1528758259737165824
1528758259200368640
1528758258445459457
1528758258139336704
1528758258046885888
1528758257858138113
1528758257128353792
1528758256168222722
1528758255375110146
1528758254914146305
1528758252023840769
1528758251877126144
1528758251516334080
1528758248983220224
1528758248484241410
1528758248144265219
1528758247041400832
1528758245623484417
1528758245153722368
1528758243958345729
1528758242855239680
1528758242829926400
1528758242779750400
1528758242670563328
1528758242419036160
1528758241328566272
1528758241160704000
1528758239906521088
1528758239835213824
1528758238900002817
1528758237784289280
1528758237494775808
1528758237444689920
1528758237138407424
1528758236861669378
1528758236786081800
1528758235498524673
1528758234705715202
1528758232084369408
1528758231140540417
1528758230767345665
1528758230293393412
1528758229517352960
1528758227579592704
1528758227424485376
1528758227189506049
1528758225742483462
1528758225725710336
1528758225306529792
1528758225234825217
1528758225142693888
1528758224475738113
1528758224169623557
1528758223783837699
1528758222491987970
1528758222474993665
1528758222294859776
1528758222189907968
1528758221372067840
1528758221107773442
1528758220495409153
1528758219832696833
1528758217534226436
1528758217378918400
1528758216183750656
1528758215059640321
1528758214648643584
1528758214254264321
1528758213935566848
1528758213742665728
1528758213549735936
1528758212547190785
1528758211985215489
1528758211611877382
1528758211100147712
1528758210038996992
1528758209112166404
1528758209011453959
1528758208252334080
1528758207044263940
1528758204536168450
1528758204339044352
1528758203470716928
1528758201923035140
1528758200866070528
1528758200824111106
1528758199138009088
1528758198882246658
1528758198856982528
1528758198311739392
1528758198026518528
1528758197309292546
1528758197024043008
1528758197011595265
1528758196227014661
1528758195568754689
1528758195421958146
1528758195149107200
1528758193484353536
1528758192200728581
1528758191017758726
1528758191005306880
1528758187410829312
1528758186882342916
1528758186731241474
1528758186295042055
1528758186274017281
1528758185825169411
1528758184919412742
1528758183849869313
1528758183531286529
1528758183497449475
1528758183296114689
1528758183157809152
1528758183015350275
1528758182629105664
1528758181911986178
1528758181597437953
1528758181295542272
1528758181228314624
1528758180200599552
